418
8149 10
39297 88199 42728 71560 79950 46288 11281 87508 59349 16863 
9566 10
65721 60741 3302 44518 76358 41865 57624 85657 48216 52477 
1760 10
82880 40929 5901 14830 49620 46805 22422 58487 28953 39132 
122 10
70053 13385 98090 55902 89613 78834 37843 47800 12344 22078 
2863 10
30562 11046 70638 51663 19056 855 72313 58684 95997 99870 
115 10
15264 5443 60419 55235 76397 96238 99249 58775 50746 44635 
4059 10
12229 36425 62569 23918 19054 95569 50230 88056 86716 3166 
3546 10
92353 46114 46370 83879 76616 46983 29226 84271 55536 55898 
7368 10
15296 18208 67270 14375 91433 56298 83691 10925 11093 40763 
9918 10
47523 83949 61821 71772 49584 31825 14457 27484 79933 63551 
3612 10
12164 22854 60652 94125 25134 26970 74097 75570 16598 15834 
7360 10
26904 99682 3876 93449 48561 42389 50678 11512 23450 33085 
1109 10
74628 29735 70282 25962 14698 61713 83089 65141 38329 78813 
92 10
20672 73669 33545 57354 9131 76538 87154 42710 37274 23932 
794 10
81411 9991 19564 74291 64596 94453 19740 26937 14396 19230 
8981 10
89217 15079 52999 92873 73258 11981 68881 53912 87611 36381 
917 10
29121 38274 97211 33126 60729 85545 44084 3449 99771 59516 
5107 10
71935 99782 42282 26124 25261 16207 90546 91670 89436 74495 
3730 10
54628 68549 40837 71144 87049 77932 69943 86078 53438 12766 
6229 10
10817 61540 24198 28422 8106 76302 17584 75827 81657 14751 
6386 10
49757 67054 9874 71764 11094 59511 22813 17594 2109 19711 
2469 10
67973 27590 9735 44522 60170 1645 87022 57522 87765 97430 
141 10
21027 52135 37098 27534 1616 84401 33554 42032 11061 61373 
9061 10
6623 42091 40717 97493 34454 36314 47228 6237 97758 14719 
2904 10
19713 91335 42921 55723 94923 43181 27446 54135 60058 31835 
6054 10
61539 63110 56202 58795 69265 4114 52082 15284 19734 4824 
7445 10
84320 15716 34472 80365 15917 80625 85554 54006 19351 33977 
6493 10
75107 92547 82563 80393 24233 56683 95151 88148 17080 18975 
8178 10
45833 50605 40436 53621 50677 40020 81080 9401 96730 4923 
2738 10
85669 29926 11467 51020 80013 79375 90672 60345 87867 99070 
9540 10
15073 76067 64100 40796 22506 34381 69550 15348 3354 99580 
1984 10
92038 12902 60456 32744 29613 41551 33105 80178 95766 33464 
5184 10
50275 64904 84137 81290 20590 52462 49202 7958 86390 16570 
5388 10
31625 48235 29262 2510 56049 16596 68884 22454 47577 6239 
9315 10
6 32713 13578 66798 915 45363 2485 85557 96890 57019 
9160 10
31683 3972 73769 4618 97387 96777 8302 32719 86929 89403 
8624 10
43169 26914 93028 95528 81897 61292 13968 3347 68596 16149 
1029 10
64097 7468 25966 79024 19794 90196 2582 52505 15258 55391 
829 10
11202 2020 79013 57872 55346 87347 84083 26965 64598 71741 
6109 10
12003 30948 61318 71786 39924 93430 1178 19931 89884 25854 
7363 10
2912 2051 15437 41293 16559 47600 40816 30267 91931 80638 
9103 10
98080 51298 46179 12231 40936 59467 94900 49435 38012 63709 
7875 10
27527 9257 42940 1899 94447 27280 19248 66772 31130 57116 
1711 10
87749 77518 81455 86544 67380 45685 15318 22263 27128 15797 
9265 10
48707 33897 58858 68331 82736 67953 33298 53397 24823 91487 
1345 10
91428 82341 23559 52360 88362 59885 94509 31986 42322 51800 
3553 10
5665 10148 34662 56077 17902 50288 85269 64438 77845 18201 
6673 10
51168 65766 76296 50888 73418 54187 34572 23796 30070 42973 
657 10
18766 83887 56560 35060 28948 7188 27863 62073 39742 42847 
6060 10
58658 9960 93867 38156 86675 2388 33014 96346 82043 44028 
1249 10
76800 87288 14370 60004 70255 81969 13016 24923 43004 10207 
6929 10
74880 37857 51237 41736 59689 48522 91054 33361 27730 1246 
317 10
47106 5507 35908 50601 91989 14071 87192 62775 75006 82751 
8269 10
19008 79907 40964 95653 92585 75850 99085 54099 38395 19870 
9353 10
53825 31682 37027 42507 20075 70253 81804 4698 78811 93341 
9810 9
53669 72649 8905 95564 7955 53684 4726 1912 93754 
8404 10
36801 82120 91728 38866 44882 58196 13368 13529 96954 37115 
672 10
1186 75845 14983 88872 28266 19788 77869 26742 97881 64764 
6597 10
15458 61254 65480 7440 88275 97363 92021 53302 36057 3198 
7460 10
7904 41474 27716 82758 89928 74126 57650 50899 38039 59672 
4055 10
72834 54818 46505 22090 89428 87860 62326 20119 37116 24286 
1960 10
90691 35270 15752 30379 13869 67313 79988 71320 64186 63258 
6492 10
86629 47686 66855 49255 62025 38826 78408 28525 23251 15388 
2086 10
10082 22534 71240 21483 77395 8855 69080 10909 64126 50175 
9724 10
52416 89926 24199 9593 43882 18668 50861 90703 72055 52985 
4684 10
75207 46343 85546 82189 41616 14547 25207 58392 57563 63262 
3507 10
55491 38983 39656 12840 49256 45935 28944 90321 78255 1983 
5835 10
93568 93577 30382 6703 89745 24979 73781 67862 78040 48697 
8122 10
55650 99042 22757 93479 6121 70857 93036 98957 62802 53274 
5321 10
57305 43115 16748 29741 30320 41430 47769 29339 72665 98558 
4086 10
9796 77228 78895 4242 46771 90228 66900 35575 14904 30170 
6388 10
70658 14052 78503 57679 6068 35798 21305 33785 27325 25759 
9787 10
4320 89953 10500 22920 10729 7021 5200 15218 2616 9694 
9198 10
70340 98340 74088 80334 56094 2800 63255 68760 59003 78078 
3667 10
67393 88836 13608 80618 84363 18478 69139 41337 31002 62143 
6736 10
17570 41002 7372 2769 97971 62677 63766 24377 33980 88797 
360 10
26241 30215 31367 9390 51762 80851 77074 19893 18869 80824 
9752 10
97353 7306 51247 5944 43989 55576 27738 27133 19038 3775 
3529 10
65857 25057 92291 36293 80431 1810 75927 31928 71227 3068 
3862 10
17058 49033 44330 16396 74736 13943 68792 15225 92766 71775 
2721 10
85313 58561 20963 76938 62891 7218 91923 6677 51831 34744 
515 10
50076 54890 73933 14317 86261 6102 50616 88571 89148 14908 
6289 10
80833 24167 9609 93353 37646 11857 757 67445 25275 63421 
1489 10
89091 84676 98757 16618 6539 40236 10960 18780 68669 96446 
924 10
63681 30692 9573 32869 2345 59119 27088 68117 2009 70719 
8316 10
50564 16936 71145 88459 57841 90133 94677 47223 15930 35067 
2286 10
44449 34977 28324 16365 77774 97300 67637 36406 90105 51610 
9562 10
90086 24074 17388 78801 6065 66324 43028 82933 54582 73374 
7450 10
97960 87177 42922 22218 33548 15695 78642 3796 23131 91580 
8236 9
29760 86977 71801 52580 93640 91595 11569 6009 68383 
1521 9
25408 16704 26915 73574 34218 22701 91929 13049 33311 
2240 9
18272 82465 38090 59757 26416 94801 32689 4273 49021 
1638 10
52448 68545 5091 3724 10482 84949 89528 71993 97787 5087 
7946 10
36736 36226 58690 4421 79434 74419 80630 10678 45497 67998 
5961 10
94338 7684 12167 90312 96935 63531 61363 10454 28828 96351 
1548 9
60640 92675 934 55851 40589 75022 3475 7862 97692 
835 10
48122 37860 41540 17674 50444 47344 80918 91543 1114 52667 
5289 10
52704 56230 47566 62287 74067 66836 54067 88023 24795 37565 
907 10
45218 65891 22820 38694 74734 65743 41567 36274 47831 94303 
4609 10
27165 31435 45675 64112 88403 4505 18618 98779 14716 23197 
142 10
25320 72905 44876 29870 70926 69776 23765 41397 52504 27708 
2427 10
90369 20418 69666 20810 42610 93108 88118 28599 43798 2173 
3842 10
27533 77934 12400 78320 74548 56888 8859 17500 59453 10751 
7662 10
94080 81018 97709 27790 93983 28245 58105 53145 47131 92383 
4014 10
20704 18497 36549 62085 51144 39304 96015 45552 89780 55607 
5458 10
21729 98 75330 4456 76266 80526 98801 29942 22777 54394 
579 10
67171 45252 66917 40520 71023 62224 42065 49017 12219 75165 
1028 10
4225 48004 60552 88525 92049 77170 46773 98360 44539 6622 
3109 9
84480 1094 52392 77712 93747 70931 5398 50905 90908 
8186 10
38853 66406 20166 75208 80745 4106 75246 78862 45298 54686 
6433 10
96290 39715 43014 20039 5961 93327 50867 5910 95832 10557 
6143 10
24134 13865 5386 80557 31317 30869 7701 85209 92125 9630 
2515 10
62625 97474 69729 90178 50821 78082 28199 72239 54834 21342 
5451 10
66624 11394 79931 24619 97843 43091 98744 84441 96027 84604 
6739 9
22177 32677 54695 56487 60521 50698 78605 12013 32314 
1398 10
76576 103 68616 53546 99371 19404 71375 75665 71515 62751 
8632 9
56100 14281 57931 4011 77491 43668 12150 84600 15455 
9163 10
34883 18853 54751 57111 1486 61298 35283 9077 17015 99903 
8965 10
81920 20994 13636 22790 7337 3308 99886 16050 91862 9911 
8657 10
47553 4513 14330 63005 68039 2549 413 34330 54973 31294 
1630 10
4576 36035 30501 20363 14764 82512 74771 85785 84827 44063 
6537 10
62561 47626 31147 34347 89357 17495 93851 49660 16189 33790 
6057 10
23430 72172 98002 30803 67348 92341 82939 16604 63838 58911 
6752 9
79713 75042 1898 10413 9358 39855 79282 4730 30365 
5983 10
50626 10662 10734 58448 63731 43767 68601 12029 88286 86527 
1172 10
5600 5986 73063 4972 53936 25746 53813 73560 39355 43743 
8281 10
92288 5987 55621 99369 90123 11149 76141 82420 50357 37014 
5634 10
61670 43723 63947 83678 32468 95198 13400 50298 60989 99710 
4710 10
80858 6924 43311 34288 2898 79156 85880 78330 6909 67135 
1097 10
36934 76006 84461 67248 17246 19570 74675 62296 41182 38974 
9462 10
68769 60482 89891 56908 28848 79665 59697 15540 72503 45433 
6058 10
48352 48289 32647 25449 44844 59758 11413 38426 58942 60127 
7260 10
37186 79268 62922 44236 88076 64404 28277 28791 67454 72479 
3370 10
84713 22251 89549 70702 55538 11541 42678 63608 11899 26142 
7500 10
33376 31745 76449 14282 88140 48307 57236 62579 55 25851 
4343 10
51840 63682 98499 98181 6854 27144 2801 7638 30423 14267 
3265 10
93217 48133 65574 66478 71343 75728 39092 37816 47961 9498 
7713 10
87456 21411 76137 12043 29200 95984 22803 2676 26360 40319 
3636 9
80483 81316 72420 39915 94668 95055 9364 63062 84031 
2672 10
44652 80974 41583 27729 54642 16339 68276 91066 84731 33951 
2509 10
42915 16645 72907 17423 63796 14228 99990 15991 44888 2006 
4359 10
97827 42468 18416 43800 25459 44374 30486 88920 14621 2302 
1033 10
22592 54274 20678 35336 80585 32089 1227 35570 59925 66969 
5692 10
28770 1091 28546 26153 46475 30476 75441 94421 76023 54138 
2867 10
56321 27941 57575 76808 59948 39822 98640 22326 44376 12572 
6538 10
70242 80291 14029 63790 11118 44112 78623 14933 46525 8287 
3256 10
15906 87011 78985 81963 40079 28564 21687 18521 74396 35741 
3072 10
59048 11517 78954 37035 26069 51446 16693 35609 95037 51870 
3437 10
95139 34182 40649 68876 77581 60974 33324 28689 27826 4850 
451 10
15297 55813 46950 87307 78636 62222 94095 66191 15961 55199 
4884 10
97829 55045 26790 3080 9434 12499 77238 65210 38460 55133 
4082 10
15559 97931 51277 48890 88085 90261 4793 58426 23389 38079 
320 10
38859 12364 49966 33873 338 76245 41305 2459 17918 39993 
2121 9
82022 66663 95662 59729 69010 90130 79764 70619 57567 
8951 10
39877 20901 41158 76806 9708 42317 14094 84563 65174 6716 
9543 10
16737 61793 52330 44427 16300 66348 2995 79223 82555 33083 
2614 10
77377 15457 40388 88518 87271 23991 99384 15353 57051 25308 
8303 10
74081 10372 15817 99530 86922 38797 34574 65494 75871 97887 
4169 10
11041 56482 26594 57287 5064 55050 440 28697 98684 70815 
932 9
74371 75396 46854 1991 50284 66390 60252 2909 52318 
664 9
53792 55136 73122 63781 46568 19978 5931 82544 8756 
8193 10
37120 55811 41233 16017 66450 62098 5237 25115 1852 43582 
2544 10
37345 64936 58985 49617 61523 68213 59519 33659 43933 17663 
5104 10
78500 83748 88839 61992 26058 15796 89429 37333 64858 75484 
196 10
83139 66180 49095 89215 13141 21560 5115 33435 22238 90527 
5317 9
76391 3624 63086 82990 8016 22543 77394 64468 15637 
2264 10
14017 38533 50153 41707 94828 16590 72784 49431 30429 37503 
9482 10
15488 57440 10665 86026 24971 17836 6965 22331 3452 18846 
3559 10
42400 6664 19531 21422 5616 29299 76341 80983 71514 75645 
8270 10
40546 60232 23466 85662 31885 81967 19060 15029 21370 37342 
5922 9
73061 20615 75144 92908 70321 6071 49107 67479 16505 
4786 10
68901 6763 56206 14991 30000 74193 67476 74453 81623 80798 
7160 10
98560 47715 10599 52041 77358 22351 34259 2966 23802 98047 
5037 10
98209 94088 33357 14221 76941 21942 50488 57049 51738 85819 
5333 10
79968 70725 84970 34539 39407 35445 33909 73657 65404 22559 
8194 10
97350 17510 43912 2214 42087 41767 36780 64145 14162 16185 
3297 10
90370 15174 47433 846 6127 16592 25841 1363 44793 47166 
5306 10
56260 24968 88009 97451 93841 39121 83 8506 13851 18399 
6155 10
17602 32778 46859 24398 76335 18007 69690 22876 74078 57471 
4265 10
19267 61731 43685 86119 71532 38289 54609 41108 88057 92124 
6443 10
27520 48576 67591 82759 23402 65677 64181 8310 79612 17886 
5062 10
23941 58918 53033 66731 47053 15438 19534 19182 54585 71260 
1759 10
27616 60003 10298 93292 78093 67116 64819 62170 13082 83614 
2211 10
82406 50477 61999 85137 58293 67190 56856 9819 2843 66300 
8734 10
23616 5728 83454 49319 88905 26254 85619 52536 763 86430 
5979 10
14056 97466 9291 99920 56081 37042 51827 51222 88631 25626 
925 10
54049 10542 67473 49873 21489 81649 62837 81081 54010 8095 
7621 10
31520 20930 3490 18660 83304 49166 54070 33046 74425 14524 
4601 10
77892 37446 1446 43468 686 78867 56663 32506 78270 14303 
2974 10
47619 80041 26510 35412 59990 44150 22104 72919 60700 91679 
3795 10
63779 16388 73797 3783 28233 560 93681 80409 7354 72062 
8077 10
90338 64675 550 49099 73438 37071 30705 18322 47031 60222 
8119 10
29952 61888 20358 86886 66799 50102 43961 71164 80349 18046 
1746 10
46817 13698 97538 85863 46504 87020 10129 63222 56409 48698 
1128 10
58500 6916 47021 8463 76111 26616 34586 85307 43196 89118 
1477 10
71393 86310 23814 2477 82227 32372 83228 51894 88028 30077 
6196 10
30080 29026 91079 43207 93482 44530 27731 37236 25940 20989 
3914 10
45795 23332 7014 57159 96649 90764 72910 82099 1176 28157 
5124 9
3780 46886 26439 25704 25039 52848 10102 78839 26777 
3711 10
16800 47876 66276 64302 8848 34930 20217 82492 95741 17726 
3538 10
69699 33639 38280 82409 73356 6573 86349 4048 47103 54143 
926 9
35776 10820 84486 62344 58282 61774 4117 24635 87580 
9233 10
73664 87526 47720 96202 39568 25076 70581 15703 57882 46174 
1649 9
76065 51556 52036 23175 25266 60467 56437 92600 25245 
7435 10
67874 81538 16688 43857 32657 94516 98647 43289 68029 82334 
2481 10
64259 17475 97443 91495 59755 91468 18774 50236 92733 32350 
8406 10
12609 37441 41252 33093 46148 5316 80912 47063 77496 23227 
7835 10
9571 77092 41831 72749 15442 76123 64473 16859 1884 78364 
2971 10
24353 58629 14407 76906 28812 80017 76820 30422 80061 74047 
8741 10
48321 43139 75236 93830 36846 39760 12056 97560 29370 75644 
797 10
60036 62661 97509 69510 9020 19789 82991 48403 39452 3901 
3171 10
35458 27198 6509 86159 16851 99221 61272 73147 82494 87551 
6812 9
90278 62279 54536 5679 5521 69107 44056 46460 49311 
8497 10
73474 43715 26630 99881 91021 62263 88083 38485 22007 8954 
8836 9
19360 51908 24580 34214 58601 70580 66965 76790 89499 
7694 10
89921 97123 5349 81639 53577 36661 36377 20060 88638 29055 
3178 10
38854 82984 26701 57712 92434 19187 87319 95352 78555 1693 
5039 10
51015 51336 24007 18220 61261 6641 98258 22483 20277 37338 
2947 10
3651 32741 19849 46635 98124 92941 8012 96459 21906 38207 
3912 10
47014 79719 75014 9287 39242 83920 53430 9976 89278 78654 
6524 9
97537 42980 99333 1767 73516 81752 75060 32184 58012 
4384 10
11648 47841 11717 15878 32519 94379 26316 6157 35860 12157 
1473 9
164 38021 65158 86794 27947 66349 80686 43090 90268 
6326 10
17284 99724 12045 29073 32467 45467 50965 50585 45275 79260 
6145 9
25696 18561 70664 37874 16021 60822 79897 39195 40190 
9382 10
10976 83873 1960 6281 42379 39021 96367 97104 18006 63320 
4464 8
83456 62752 84420 35018 99596 41837 48372 60055 
9538 9
46560 63939 35462 5671 87417 72941 38607 59350 95449 
8134 9
5509 80103 61865 27401 23948 15343 86911 64477 96287 
9704 9
81793 97986 59334 86859 64171 55951 60594 82553 98748 
1070 10
59081 29068 21838 30639 1264 34224 69810 48880 7092 60827 
103 10
45409 69443 5350 37898 97035 46225 76913 71029 3032 46425 
1623 10
7170 66404 98054 95847 99592 63625 94486 55095 44060 41821 
5405 9
30086 59687 77257 18415 29074 69271 58490 23004 52991 
4548 10
40577 46024 20878 24526 56883 99480 68121 48506 87644 80350 
6701 10
13604 34917 80191 82855 72445 87693 82032 20538 64765 82591 
7502 10
37504 58881 56962 45189 33929 67439 87695 31377 46129 21434 
404 10
80322 70370 70148 66309 40777 1393 73811 27476 71675 47775 
1942 10
88322 3492 14697 28170 58476 89005 4303 23478 53495 58111 
7411 10
26406 95591 2570 23573 20950 1625 6138 44795 28926 55583 
3104 10
93505 76164 83108 3525 76263 57769 29652 2295 12828 45181 
6417 10
77121 95078 46573 13614 46830 18452 63285 73012 41532 46461 
3064 10
64034 93382 88554 42803 40852 70647 27067 28636 62653 8319 
5375 10
93957 88229 17446 66440 62983 36742 45291 85931 77236 13374 
4953 9
19361 94086 32134 29864 34441 55370 28393 850 35799 
1654 9
95041 52611 778 20083 86486 6746 99131 12061 8543 
346 10
98593 21089 67757 44462 98319 30192 97650 8599 96602 895 
1337 10
85978 4037 92650 52654 40083 95636 24026 3771 97214 40479 
2020 10
27424 88764 83717 3751 48808 27597 8142 37139 33626 57212 
6198 10
66502 27559 87273 80042 76978 17880 40249 10970 21948 39064 
278 9
27172 1083 57772 61678 5397 41878 21819 83388 96606 
7397 10
3362 67102 56974 2960 73686 18966 1270 89691 2779 36607 
7865 10
52290 42790 49160 90794 72684 69241 27154 7734 34105 1917 
1875 10
16928 6913 32098 30913 35936 93581 41170 55570 65010 2866 
1987 10
26753 99942 48807 12008 16012 7982 87918 68401 91284 91223 
3238 10
33250 35781 26309 23275 43758 29526 63831 66840 27737 34742 
2907 10
14299 56169 37007 76464 41938 86355 27922 64762 64475 16927 
1608 10
78176 22913 88903 47564 86287 14835 12726 52406 79704 26173 
3482 10
53057 74181 82633 54891 1612 90165 97974 89783 26550 79580 
7284 9
79682 49577 26506 65710 34447 44657 86741 21785 28091 
2336 10
80771 43687 22314 27531 96813 43797 5878 59383 99160 411 
1436 10
9923 23877 32549 47912 3209 61802 67474 98677 5145 957 
7928 10
22850 69764 44740 71044 34476 89039 14802 31765 39961 27903 
6628 10
80033 61442 33668 95111 4392 22221 33427 92019 90973 26527 
9107 9
7714 95403 86764 6061 71279 24944 50802 39251 72437 
3753 10
39139 95972 82534 87550 5133 37486 65465 73402 40798 28031 
3872 10
802 44418 14823 30794 22220 79822 5104 1553 97623 99775 
2405 10
90529 45317 63306 37131 12715 74637 23160 84313 94650 47038 
7409 10
96512 40795 79843 46918 95919 14895 42641 66648 33050 82267 
6436 10
21890 66026 36651 68620 84240 80219 27226 27835 35165 82143 
266 9
7361 9028 66318 71792 79088 31348 56629 75928 38301 
9973 10
64736 39969 27456 57987 13220 50537 36206 29936 90739 96023 
5428 10
57184 7591 95431 48999 33447 42477 78831 59888 16953 34366 
2820 9
32036 11657 2346 14987 89547 72597 13948 86846 61407 
2963 10
96675 27910 17002 14539 54444 51725 1777 81273 49147 68125 
7550 10
93761 41921 55011 99762 5781 56280 83770 12380 9789 92382 
916 10
33571 63527 47691 10699 81616 51380 19188 21782 54491 37021 
7348 10
65317 73161 13417 50507 47631 78394 51864 59577 59770 11935 
514 10
13093 16197 87912 46152 74218 96499 8019 31157 62389 71903 
6908 10
63169 50819 22853 10183 34065 73523 73471 61145 62457 27705 
4136 10
32516 48710 98409 91306 82538 23054 22388 78485 76153 10334 
3184 10
86277 12295 55368 8391 35059 87828 51191 91928 19485 89951 
2522 10
46625 92164 87932 29387 21520 2737 48114 57816 22330 54044 
5914 9
83616 94370 24999 6760 98601 72362 56048 83888 49877 
6311 9
84545 64873 7148 46479 25522 38003 71354 27773 31774 
9932 10
91234 83740 95686 21659 97712 53141 52506 83419 10684 49725 
32 10
93731 97929 41228 20014 38606 34352 80734 60474 90270 50751 
9598 10
64800 47073 5152 37478 42152 19338 44751 77233 41813 18012 
273 10
89638 88489 20523 81132 26350 53297 68337 43542 54141 5886 
4992 10
81090 22018 93923 58756 84397 77293 70388 4692 69309 49182 
8804 10
20990 72647 20775 55625 61840 34362 89755 66397 23870 6591 
1981 9
1697 1442 39119 65231 66225 87601 18454 78585 95647 
9537 10
14368 42946 80490 27372 20112 41808 90901 43606 63293 8478 
3748 10
82369 28994 76963 69861 86443 46316 33625 10363 92891 20543 
841 9
28705 31266 66305 43844 81413 87310 31571 51795 87231 
5355 10
66369 6853 70343 32073 54827 81779 20823 89849 39771 54332 
3062 10
72866 35331 39299 89604 21510 73192 33068 15341 3572 9853 
4285 9
92034 17795 22916 49035 58477 47665 50001 46482 77460 
8431 9
8772 76230 84779 31179 92118 83161 57117 45982 18207 
1877 10
24805 10917 27851 88428 62894 20303 24371 83220 99188 10327 
4153 10
31171 58533 10343 17033 43402 97871 14552 79163 68381 74143 
44 9
5774 47089 42450 55186 42293 41077 68663 44184 99995 
137 10
98244 57414 98310 45131 5902 32272 49521 34194 4851 50676 
7439 10
26368 38561 62082 9731 93961 80845 87218 88469 34583 71774 
7387 10
9408 38047 92837 73677 38385 275 45141 31958 97816 39935 
580 8
50309 56453 67303 93874 34130 30165 54838 57974 
1838 9
40384 53028 75180 35409 16690 46167 88825 61404 57401 
731 10
29216 16486 15307 18316 17039 81808 36245 13686 81626 67675 
9614 10
35009 74250 29772 83437 97583 5167 7825 64146 10899 81235 
8311 9
736 76001 11842 42571 23730 9299 90068 30623 96031 
8042 10
64608 76007 77163 94734 83376 80209 58480 31059 36691 95799 
834 9
86530 13795 58245 95334 1097 36875 68467 75096 65949 
6093 9
60160 49027 77739 4334 53487 9715 72885 90904 65468 
7129 9
45542 80742 62731 43824 24820 62293 99925 29627 61918 
1300 10
42464 45733 37145 11468 74317 85680 24048 23604 71545 85053 
5781 9
25409 43973 58182 9901 90617 70833 82194 31513 15516 
3703 10
51205 29608 97513 43691 57291 11088 75824 18872 92794 7007 
1126 10
48643 901 97836 69678 5615 69967 66996 20983 61337 38746 
1716 9
79815 33483 86604 44812 45326 34480 32760 47678 1503 
9521 10
35008 29728 35497 55020 13325 95985 88757 18293 93273 94174 
225 10
70560 63200 93541 56878 38066 30035 58073 19578 83003 90169 
9252 10
71584 60866 60934 40440 29965 80562 46067 11444 2520 17339 
7685 9
22752 99172 14437 1319 75528 5291 66030 61138 53782 
9146 10
85927 41164 89996 72429 16783 3122 39507 67219 98259 22583 
6095 10
45057 51206 87689 58763 62828 42573 26384 67059 69242 14138 
7579 10
15040 14658 28899 4869 20713 13707 38358 90586 94363 94876 
1635 10
54372 16775 55690 32138 19409 53265 27761 14676 11030 7549 
3000 10
45761 30725 58987 31213 25967 14964 47028 91672 45371 73631 
2640 10
48514 12777 37323 81426 43158 9111 12632 64665 40635 98431 
1879 10
39746 38141 86311 46861 54993 74973 40281 33819 82844 54365 
4137 10
96357 53002 50572 1452 15126 55479 99736 7033 23420 98876 
8153 9
34209 10211 29803 81548 909 34477 68245 20314 63420 
5509 9
48132 33125 73549 57971 51834 2168 71417 14426 4638 
8872 9
10304 84739 94929 1970 98611 90487 81690 10717 42559 
1089 10
35424 59298 96911 7888 61844 95031 50872 81466 53020 44319 
5735 9
5984 11010 53574 93739 43089 69523 64500 77814 68254 
3956 8
21543 42760 15402 4173 11245 49263 17691 17757 
8466 10
87214 18386 5044 18516 42262 14360 52473 82331 10269 18494 
70 10
31812 83527 9993 76432 26928 6291 23731 64567 71576 29436 
5794 10
59684 9477 81700 48778 64972 23793 69014 99513 9914 47452 
249 10
41377 77473 78307 47141 16646 66696 50044 97423 53649 6652 
2033 10
11329 62691 98917 72839 25354 14254 43155 20920 43420 13695 
4641 9
80228 45687 97160 3338 84080 45553 45136 91093 22167 
3741 9
28512 69500 47947 71342 24787 45364 43864 31961 52604 
2205 10
49379 32907 47724 2156 21419 48336 20884 38965 26934 28789 
8786 9
18977 66532 21481 77566 34129 87476 597 7580 41950 
653 9
34700 3598 4570 51830 57881 64122 87834 71932 24638 
5616 10
9568 11907 94408 83210 63050 48716 75437 5202 81337 40986 
8927 10
74755 54439 40811 25615 10032 33460 95160 88313 94812 68159 
5226 10
7428 75304 4393 41608 4140 69939 53523 52468 76633 81726 
1332 9
50977 51458 82628 1607 45514 25872 82265 17754 87423 
5081 10
33825 48644 14886 50315 65323 42347 57421 88016 89527 34266 
1589 9
61124 21865 58925 51598 87699 18483 86999 50456 82106 
4761 8
5762 62949 86021 27402 74731 6003 24468 74803 
6611 8
78467 78699 86380 82573 56399 29167 94932 32223 
284 10
88005 44892 12040 54762 47211 80817 51896 39353 93081 87228 
2577 10
90400 92195 43428 74309 48261 92212 79639 98297 41692 27038 
7821 10
27200 93025 27938 36866 60773 20879 18195 72596 73014 25756 
9514 10
33280 87586 97188 30244 46117 8746 18832 57842 36179 65238 
8448 10
8892 61362 65267 37204 80661 35350 83031 31768 42972 56445 
9770 9
12640 34882 37193 47114 40027 83635 60469 83895 84219 
4879 9
81409 13667 84293 63877 71432 78312 138 79345 78303 
858 7
23842 56199 78640 48049 22934 83065 64479 
7456 10
98979 29892 46250 32780 22606 92438 24663 91990 77273 5913 
1857 10
69824 46274 99715 72458 76523 89870 62066 38197 88860 61087 
2902 9
5862 65575 71078 91783 93066 55402 20206 55922 51479 
2322 10
13536 41539 78600 8874 73291 82570 34641 52247 85273 7837 
4807 10
82663 58409 23050 95117 7346 45907 86516 26933 33879 94077 
5231 10
90980 38409 30225 97909 28790 15254 84444 95549 24124 61535 
7665 10
10488 93412 10982 40039 88299 70000 12272 35285 1046 13592 
5120 10
84069 82536 33512 62092 21103 68472 45975 11032 82968 57947 
3429 10
72290 66050 64040 98794 79597 51983 63632 78194 92626 91707 
4432 10
99618 66211 14820 26538 62446 12927 15801 79930 859 52831 
6003 9
58630 63049 15054 7887 84374 22040 85402 8124 1215 
3365 7
23426 64645 66021 47270 32426 81015 72861 
6706 9
71361 39496 53515 14892 44340 93556 74551 57944 78717 
2764 10
34049 7585 65700 26125 28878 14323 70937 49786 17438 72351 
5384 10
27108 14597 89449 22206 88270 86961 46098 4407 33436 95070 
8276 10
34496 32964 58830 46197 81112 79033 35898 64218 18845 72639 
5326 10
5444 70086 48683 85869 50417 13108 6996 41622 98038 48600 
5553 9
39426 47365 18280 24749 10446 16784 48245 28693 50940 
5132 10
75137 60610 94147 94564 83558 70823 42857 44345 25338 99999 
9723 10
29538 84292 85706 53933 78511 51186 74966 51030 87258 3612 
5477 10
91238 42408 8172 3757 78542 80268 93139 8631 91709 10685 
2395 10
84645 55498 78730 56459 65485 37167 22713 48699 32028 29566 
4403 10
27168 66823 91242 61037 36366 73935 82909 69617 26202 21181 
8627 10
21376 34080 81282 84995 76297 95981 43791 23440 61147 77183 
9653 10
81220 28488 72267 68216 92205 49136 28441 78552 81465 635 
9670 10
53920 31617 21950 35435 84402 32084 23702 11959 98041 41790 
600 9
43751 6794 44301 46543 43343 51729 70263 21978 57146 
9052 10
75108 41316 45515 23052 29869 24534 2647 52633 57404 31326 
7266 10
66531 89992 19785 64717 95955 65909 54967 71610 81596 80575 
8507 10
61568 26561 40581 5389 8175 51280 18258 73203 93138 99705 
2310 10
810 86669 33134 27118 76624 24818 46866 96309 55317 46331 
9729 10
67106 46723 90372 5126 36552 78062 63154 6259 51893 34780 
2539 9
33479 66248 363 67436 85807 21394 74772 13589 90520 
8532 10
25988 82118 39142 64331 11086 61075 18933 66134 55864 59259 
3793 9
37412 90473 45805 38222 13391 55055 79606 34265 9946 
5545 10
78978 50728 44168 40587 73872 1458 96531 90134 79351 53786 
7334 9
3649 32002 18563 59492 85607 6062 10003 60443 33278 
4600 10
44640 22180 62439 69772 42989 70670 37460 36120 3579 8445 
39 10
83488 75554 40361 70955 51883 81581 52877 6160 80241 42324 
172 10
30433 27524 40484 94827 9363 59860 78037 42999 31032 70045 
475 9
69472 81136 81234 83891 1752 33019 56380 45085 98303 
153 9
52612 87655 14383 16176 85745 79354 47900 52957 20927 
8426 10
8901 83273 52490 32974 32018 13842 91510 38071 217 15101 
785 9
52066 34787 73925 83141 14059 27149 51310 56219 34109 
2518 10
81795 14088 80909 97626 7154 11668 22070 95767 83674 55870 
272 9
22150 45769 2029 49937 59579 11580 84573 98302 47999 
119 10
86752 91459 72291 91944 76328 14639 54033 88914 59319 40858 
8611 10
98978 45701 43082 42122 56365 62383 1457 52598 43321 90878 
5188 10
87841 87970 69738 779 60141 93010 94998 69593 96604 11293 
9786 9
12193 63265 35432 50059 86123 54031 85499 24764 32062 
9526 10
30081 63874 1859 33828 38786 78534 50049 61557 72093 12990 
7012 10
7362 16226 98980 16682 44719 10610 1943 95290 21500 17983 
8243 10
93152 81504 57482 40459 63983 19476 61019 3259 638 78655 
6544 10
99586 58438 57478 46923 84526 8945 43666 69844 8670 41247 
4672 10
31459 40419 80072 56913 95282 40694 74424 78489 90682 5439 
